zero-shot: 0.2719546742209632
few-shot: 0.6206896551724138, 0.6360856